21
11	22
11	12	23
12	13	24
16	13	14	25
6	17	14	15
6	7	18	15
7	8	19
1	8	9	20
6	2	9	10
11	7	3	10
16	12	8	4
17	13	9	5
21	18	14	10
21	22	19	15
21	22	23	20
22	23	24
21	23	24	25
11	22	24	25
11	12	23	25
11	12	13	24
12	13	14	25
16	13	14	15
6	17	14	15
6	7	18	15
7	8	19
1	8	9	20
11	2	9	10
21	12	3	10
21	22	13	4
22	23	14	5
11	23	24	15
11	12	24	25
11	12	13	25
12	13	14
6	13	14	15
6	7	14	15
6	7	8	15
6	7	8	9
7	8	9	10
6	8	9	10
11	7	9	10
16	12	8	10
17	13	9
11	10	14	18
11	12	19	15
11	12	13	20
11	12	13	14
12	13	14	15
11	13	14	15
16	12	14	15
21	17	13	15
22	18	14
21	23	19	15
11	22	24	20
11	12	23	25
12	13	24
16	13	14	25
6	17	14	15
6	7	18	15
7	8	19
1	8	9	20
11	2	9	10
21	12	3	10
21	22	13	4
22	23	14	5
11	23	24	15
11	12	24	25
11	12	13	25
12	13	14
13	14	15
14	15
15

